~/LovelyPython/exercise/part1-CDays/cday-3/script$ python cdays-3-exercise-1.py 
PyCDC 使用方式:
    python cdays-3-exercise-1.py -d cdc -k 中国火
    #搜索 cdc 目录中的光盘信息，寻找有“中国火”字样的文件或是目录，在哪张光盘中
        
~/LovelyPython/exercise/part1-CDays/cday-3/script$ python cdays-3-exercise-1.py -d cdc -k music
~/LovelyPython/exercise/part1-CDays/cday-3/script$ python cdays-3-exercise-2.py 
usage:
	python cdays-3-exercise-2.py cdays-3-test.txt
~/LovelyPython/exercise/part1-CDays/cday-3/script$ python cdays-3-exercise-2.py cdays-3-test.txt 
2 'key3'	=>	['7', '30']
3 'key2'	=>	['2', '8', '14']
4 'key1'	=>	['1', '3', '10', '20']
1 'key4'	=>	['19']
~/LovelyPython/exercise/part1-CDays/cday-3/script$ python cdays-3-exercise-3.py 
[0, 4, 7, 5, 2, 6, 1, 3]
[0, 5, 7, 2, 6, 3, 1, 4]
[0, 6, 3, 5, 7, 1, 4, 2]
[0, 6, 4, 7, 1, 3, 5, 2]
[1, 3, 5, 7, 2, 0, 6, 4]
[1, 4, 6, 0, 2, 7, 5, 3]
[1, 4, 6, 3, 0, 7, 5, 2]
[1, 5, 0, 6, 3, 7, 2, 4]
[1, 5, 7, 2, 0, 3, 6, 4]
[1, 6, 2, 5, 7, 4, 0, 3]
[1, 6, 4, 7, 0, 3, 5, 2]
[1, 7, 5, 0, 2, 4, 6, 3]
[2, 0, 6, 4, 7, 1, 3, 5]
[2, 4, 1, 7, 0, 6, 3, 5]
[2, 4, 1, 7, 5, 3, 6, 0]
[2, 4, 6, 0, 3, 1, 7, 5]
[2, 4, 7, 3, 0, 6, 1, 5]
[2, 5, 1, 4, 7, 0, 6, 3]
[2, 5, 1, 6, 0, 3, 7, 4]
[2, 5, 1, 6, 4, 0, 7, 3]
[2, 5, 3, 0, 7, 4, 6, 1]
[2, 5, 3, 1, 7, 4, 6, 0]
[2, 5, 7, 0, 3, 6, 4, 1]
[2, 5, 7, 0, 4, 6, 1, 3]
[2, 5, 7, 1, 3, 0, 6, 4]
[2, 6, 1, 7, 4, 0, 3, 5]
[2, 6, 1, 7, 5, 3, 0, 4]
[2, 7, 3, 6, 0, 5, 1, 4]
[3, 0, 4, 7, 1, 6, 2, 5]
[3, 0, 4, 7, 5, 2, 6, 1]
[3, 1, 4, 7, 5, 0, 2, 6]
[3, 1, 6, 2, 5, 7, 0, 4]
[3, 1, 6, 2, 5, 7, 4, 0]
[3, 1, 6, 4, 0, 7, 5, 2]
[3, 1, 7, 4, 6, 0, 2, 5]
[3, 1, 7, 5, 0, 2, 4, 6]
[3, 5, 0, 4, 1, 7, 2, 6]
[3, 5, 7, 1, 6, 0, 2, 4]
[3, 5, 7, 2, 0, 6, 4, 1]
[3, 6, 0, 7, 4, 1, 5, 2]
[3, 6, 2, 7, 1, 4, 0, 5]
[3, 6, 4, 1, 5, 0, 2, 7]
[3, 6, 4, 2, 0, 5, 7, 1]
[3, 7, 0, 2, 5, 1, 6, 4]
[3, 7, 0, 4, 6, 1, 5, 2]
[3, 7, 4, 2, 0, 6, 1, 5]
[4, 0, 3, 5, 7, 1, 6, 2]
[4, 0, 7, 3, 1, 6, 2, 5]
[4, 0, 7, 5, 2, 6, 1, 3]
[4, 1, 3, 5, 7, 2, 0, 6]
[4, 1, 3, 6, 2, 7, 5, 0]
[4, 1, 5, 0, 6, 3, 7, 2]
[4, 1, 7, 0, 3, 6, 2, 5]
[4, 2, 0, 5, 7, 1, 3, 6]
[4, 2, 0, 6, 1, 7, 5, 3]
[4, 2, 7, 3, 6, 0, 5, 1]
[4, 6, 0, 2, 7, 5, 3, 1]
[4, 6, 0, 3, 1, 7, 5, 2]
[4, 6, 1, 3, 7, 0, 2, 5]
[4, 6, 1, 5, 2, 0, 3, 7]
[4, 6, 1, 5, 2, 0, 7, 3]
[4, 6, 3, 0, 2, 7, 5, 1]
[4, 7, 3, 0, 2, 5, 1, 6]
[4, 7, 3, 0, 6, 1, 5, 2]
[5, 0, 4, 1, 7, 2, 6, 3]
[5, 1, 6, 0, 2, 4, 7, 3]
[5, 1, 6, 0, 3, 7, 4, 2]
[5, 2, 0, 6, 4, 7, 1, 3]
[5, 2, 0, 7, 3, 1, 6, 4]
[5, 2, 0, 7, 4, 1, 3, 6]
[5, 2, 4, 6, 0, 3, 1, 7]
[5, 2, 4, 7, 0, 3, 1, 6]
[5, 2, 6, 1, 3, 7, 0, 4]
[5, 2, 6, 1, 7, 4, 0, 3]
[5, 2, 6, 3, 0, 7, 1, 4]
[5, 3, 0, 4, 7, 1, 6, 2]
[5, 3, 1, 7, 4, 6, 0, 2]
[5, 3, 6, 0, 2, 4, 1, 7]
[5, 3, 6, 0, 7, 1, 4, 2]
[5, 7, 1, 3, 0, 6, 4, 2]
[6, 0, 2, 7, 5, 3, 1, 4]
[6, 1, 3, 0, 7, 4, 2, 5]
[6, 1, 5, 2, 0, 3, 7, 4]
[6, 2, 0, 5, 7, 4, 1, 3]
[6, 2, 7, 1, 4, 0, 5, 3]
[6, 3, 1, 4, 7, 0, 2, 5]
[6, 3, 1, 7, 5, 0, 2, 4]
[6, 4, 2, 0, 5, 7, 1, 3]
[7, 1, 3, 0, 6, 4, 2, 5]
[7, 1, 4, 2, 0, 6, 3, 5]
[7, 2, 0, 5, 1, 4, 6, 3]
[7, 3, 0, 2, 5, 1, 6, 4]
Totally have 92 solutions!




In [1]: def collect(file):
   ...:     result = {}
   ...:     for line in file.readlines():
   ...:         left,right = line.split()
   ...:         if result.has_key(right):
   ...:             result[right].append(left)
   ...:         else:
   ...:             result[right] = [left]
   ...:     return result
   ...: 

In [2]: collect(open('cdays-3-test.txt', 'r'))
Out[2]: 
{'key1': ['1', '3', '10', '20'],
 'key2': ['2', '8', '14'],
 'key3': ['7', '30'],
 'key4': ['19']}
